226 128
193.0989 210.2528
213.0989 218.2528
246 136
231.5 130.5
199.4768 209.4906
217.9768 216.9906
250 138
237.5 125.5
184.3235 198.3715
202.8235 211.8715
256 139
246.5 135.5
195.5464 202.7587
212.0464 215.2587
263 148
254.5 143.5
217.3188 215.9055
235.8188 225.4055
273 153
265.5 147.5
217.7609 210.5157
234.2609 223.0157
282 160
275.5 155.5
234.2729 224.2119
251.7729 234.7119
293 166
281.5 160.5
242.6231 217.8898
258.1231 228.3898
297 171
258.5 145.5
214.1096 212.8015
237.6096 228.3015
282 161
